17.8426770837
32.2575457015
32.6939909055
40.1195715202
51.3195593127
15.2304452650
-10.8657490769
1.9938657796
-1.7698294015
12.4857325968
-1.4118778039
-3.6173589282
0.5580919828
-0.2597735526
4.9257789850
-2.3950010682
-14.4252449110
-10.5095370343
0.7137974182
13.7837153234
0.4214911344
7.7864009522
-17.6052735984
-8.1732230598
19.6581011383
-8.9271828364
7.2458571123
5.0516678366
-6.0861232338
10.7415387432
2.2516861476
-11.9533982361
6.7743461409
8.9790032655
0.0251167333
28.4355601672
2.0044251839
-2.4125797297
-4.1234473708
5.1348918119
-7.7415387433
5.3521530809
7.1929685354
-17.2363353374
0.3921933653
2.6202276681
-5.7890255440
0.7843867305
11.4911038545
-16.3105868710
-17.6602374340
4.0464796899
-21.2332224494
3.6515701773
-0.8515884884
5.3310953093
-7.5815912351
-10.7064729759
-32.8635822626
12.5298318430
-7.4123661001
-14.2888882107
9.4253975036
33.0816675313
7.5661183508
6.2251960815
21.4813379315
-4.7112033448
3.3297524949
15.2554399243
1.0093691824
0.1469466231
-13.4412976470
-15.2443006684
-8.8664204841
-12.6988128300
-4.7363200781
-32.1420941801
1.9916379284
35.7687307352
19.1301004059
11.3221228675
1.8655659658
2.0272835475
-5.2810144353
-33.5692617573
8.9802240059
-8.8607135228
-1.3579210791
-7.0245368816
15.0921658986
-27.5186010315
20.8456068605
-9.0902432326
9.9851374859
-20.2539750358
1.1004364147
-3.6559343242
-23.9846186712
15.8218939787
-1.1191137425
12.4720603046
18.8137150181
-3.8168584246
-21.3299050875
2.0764488663
12.2714011048
-4.5858333079
-8.0814539018
13.2263252663
-3.0436109501
25.4893337810
-6.3121127964
14.7963499863
13.0557573168
27.4273506882
2.1730704672
14.4260078738
-18.0169682913
-9.0283516953
-13.8171025727
15.5605639821
-8.2185735648
-18.1098055971
-17.2600787378
34.1711783196
-0.5684072390
-23.4632709739
6.8878139592
4.8089236121
-2.7907650990
-22.7064424573
2.8690755944
-6.3978087710
-15.8045289468
18.5213782159
-12.2409131138
-19.1840571307
-3.9115268410
13.6475112156
-6.2761009552
-13.3821222572
-3.5828119754
-9.9931943724
8.9876094851
-6.3501693777
-12.6975615711
1.0680867946
6.6546830653
-0.9353312784
-7.1211890011
-7.3342997528
-2.4828028199
10.6160771508
-3.4943693350
-17.1374553667
-30.0468764305
-1.5508285775
-8.1074861904
0.0790429396
-2.9392376476
8.2180242317
1.2646870327
0.0934781946
6.1320230720
7.1355632191
-1.3097323526
1.5635853145
-1.3858149967
-5.3911557360
-4.3009430219
15.6677144688
3.6745200965
0.0533768730
-18.6858424634
17.5077364422
3.4735251930
-21.4558549761
4.6236457412
1.9049348430
-7.6857203894
16.8975188452
4.0114139225
-21.8112735374
12.7475203711
5.8335215308
-0.8132267220
13.6304513687
-2.2066103091
16.8297372356
-0.8828699606
-5.8845179601
2.3785821100
-7.7047944578
0.0114749596
30.7354655599
9.1308938871
13.6875515000
2.4527115695
17.8415173803
0.6517838069
5.2074037904
3.8370616779
6.2682271798
-0.6152226325
-1.3192236091
-0.7889645070
2.2992034669
-20.7834406568
-16.7348857082
20.6603289896
-10.9907834102
-7.0752586444
-10.3990905484
-20.6499526963
-4.3677785577
-4.3981444746
-23.9683523056
-11.6292306284
-0.4543595691
32.1889706107
-4.4794152653
-6.5173497726
2.5211035493
-7.7765739921
-3.1121860408
17.9035309915
5.8536942656
-9.0469374676
-14.0059205908
-16.7346720786
23.0045167394
-1.0901516770
8.4920804468
-10.1377910703
-20.6294137395
0.1028473769
-14.2308725242
-10.7050080874
-21.1840571307
13.9174169134
-16.2754295480
7.6775109103
-7.4165166173
7.8872646260
-0.0212103641
8.4908291879
8.2119205298
3.4324167608
9.1532334361
3.2338938566
8.0961027863
12.6941434980
25.8547929319
-5.0110782189
2.2912991729
-3.3939329203
11.9728080081
-8.9808648945
-19.7875911741
14.3117770928
-1.0767235328
-2.4630573443
2.8332773828
-12.9436933501
-8.5342875454
0.7609790338
8.0192571795
33.6931974242
10.7139500107
-6.6194341868
-13.3806268502
8.8914151433
1.9586169011
-0.4311044649
14.9510788293
-17.7748039186
-3.0448927274
19.6507156591
6.2672505875
-4.7833491012
-9.7368388928
-3.4287545396
-5.1167332988
-10.5081942198
12.2897122104
1.2630085147
-4.4511246071
-20.8413647877
-8.3546250801
6.0643330180
-5.2999969482
-0.4583880123
11.4622943815
-16.7005523850
5.2312997833
-2.6194952239
1.2611774041
2.1433454391
2.3797418134
14.6501968444
5.0339365826
3.9055757317
15.3946043275
4.0883205664
8.1266518143
3.8485976745
0.5631580554
8.5876338999
16.5844904935
-0.3223059785
6.2640156255
9.5580004273
-5.4422742393
-16.1938535722
4.6414075136
-15.6130252999
-10.5926694540
-0.4450209051
-0.4588152715
16.1438337352
-2.8697470015
4.3666188544
0.3305154576
10.6060365611
12.7248756371
26.2083193457
10.2256843776
-3.2046876431
-5.8675191504
-8.7557298501
-6.2518997773
6.0913418988
14.3777275918
-9.0675984984
11.9481795709
28.0791650136
16.5163121433
-18.3387859737
11.9950254830
-8.7506942961
-1.9593493454
-9.9606311228
-1.2058778650
4.6823328348
9.3503524888
9.9891048921
-10.7742240669
7.8108767968
1.9184240242
26.7412945952
15.6404919584
-16.5613574633
-11.2230597858
-9.1195715201
-3.7604602192
-3.9092989899
-14.0499893186
-14.4535355693
7.9701528977
-11.1575365459
-19.5423139134
12.9246192816
-5.4562822352
8.7605517747
-6.4864040040
-26.8476516007
1.2157353435
15.0588396863
18.5388348034
-5.2282479324
-21.0557267983
-15.8892483291
-9.3728141117
-4.1685842463
38.5747245705
-8.5575731681
-1.9140903958
0.7882930998
29.6199224830
1.8177739799
-16.3459883420
-6.6783349101
23.3427533800
-8.4429456465
7.0576189459
15.1869869075
-4.3113498337
0.2079226051
