11.0341502122
23.7647022920
39.5031891842
40.4177068391
45.5651112399
3.6105227820
13.5359965820
-6.0332651753
-4.1687368389
-9.5816522722
0.1534470656
-13.6349070711
-4.2396008179
-14.3626819667
8.3465681936
-18.3951231421
7.4553666799
-9.3233741264
-9.2646259958
3.2960600604
-3.3075960571
1.4236579485
9.0017700736
7.3600268563
3.7891781365
11.6427198096
-0.3093661306
16.6291695914
-19.1542405469
6.2524491103
-2.6069826349
8.3019806513
-13.6368297373
-0.5290993988
5.2984710227
-1.7229834895
-8.7657094027
-12.1609546189
1.1250953703
-5.6287423322
2.1093783379
-14.8767052216
7.4243598742
-14.6047547838
-12.8593707084
-8.9187597277
0.2611774042
7.1256141850
-4.8971526230
-23.8835413679
4.2692953276
4.1314127018
-6.1253395184
3.8031250954
4.0768150884
5.4916531877
6.3205053866
-33.7273781548
3.1185033723
2.3747062594
6.5183874020
4.5078585161
1.8080690940
8.5081331828
0.3876461074
-20.5323343609
-9.9038972137
-21.4950407423
1.6756187627
-3.8685567796
-18.5981933042
7.0866420485
7.3279213843
1.3808099612
-4.0879238258
-8.8500930814
3.2267220069
-8.2138431959
-0.7338175604
15.7500839259
-6.6888027589
-2.7528611103
2.6093020417
9.9215979492
8.0717490159
-13.4823755607
4.0203863642
6.3947569201
3.4094058047
-18.3936582538
-8.6814477981
-21.8205816828
6.8874172186
5.0486770226
-11.7567369609
16.0293893246
-3.6592303231
18.0544755394
-3.9929807429
-0.2255012666
11.8730735191
9.5316019166
1.2261116367
-10.4669637136
4.2222357860
-7.0123294777
6.2268745994
3.7986693930
7.5003204444
-1.7003082369
5.7215186010
-5.5995971557
-2.6834925382
-11.6378673666
9.8672750023
-21.6634723961
-1.7348551897
-29.3857234412
26.6910000916
-1.5075228126
6.7914365062
-8.5625782038
-12.0996429335
-10.7838984345
-0.5629749444
-8.5787530137
-1.9425031281
0.7888729514
-1.5430463576
-2.4752952666
6.1384014405
4.7557603687
-19.1915341654
5.0884121219
-35.5437177649
2.1366924040
10.5246131779
-20.2587054048
4.9770805995
-6.4849696341
0.4476760154
-7.8311410871
-7.0148014772
-4.0018311106
7.3530686361
1.7619556260
10.1498764001
-3.9495529039
10.4409009064
-4.8567766350
-2.0528885768
11.2059999390
-1.8005005036
-16.4377880185
4.4719687490
10.6558732872
-17.3476668599
8.1730399487
39.6126895962
-4.2933133946
12.9714041566
-3.8243659779
27.6004516739
1.1191442610
-17.5307473984
3.8486892300
7.9540696432
4.3161107211
3.9717398602
7.4383068331
-2.2264473403
9.4715414900
-12.4482558672
16.9400311289
-10.5832392346
-3.5330668051
12.6542252877
-8.2593768121
-11.4333933530
-2.2671590319
1.5820490127
0.1464583269
15.6499526963
8.9583117160
16.3691824092
24.7806024354
-0.3565782648
10.6707968384
3.0174565874
9.8508560441
-6.7382427443
14.7055574206
-9.8827478867
-1.6931363872
-11.4987640003
-8.4614398633
-3.1614734337
-9.1423383281
-10.4237800226
-4.5046235543
7.2972197639
-4.1249732963
2.2232734153
-4.1623889888
5.2982268746
8.1600390638
-10.6232184820
6.7271034882
6.4546037172
3.5966368603
-9.7714468826
25.0588702047
-1.3257240516
-3.3253883481
-13.3441267128
14.1699880978
6.0344248787
-1.1144749290
0.0249641408
-14.5686819056
1.0165715505
-9.0006714073
16.3702505570
-5.2918485061
-1.8694112980
8.2120426038
5.9517197181
1.6861476485
-13.1004669332
-0.8358409375
6.1843928342
-1.9049348431
-12.7648548845
-15.1517075106
-2.0627460555
-4.2125309001
-16.8294320506
-1.6238288522
-0.7757499924
-17.2996307260
2.9880367444
3.6259346294
-11.7555772576
-5.3044526504
-3.2984405042
3.7723014007
-0.1724295786
-5.7379375591
-14.0707724235
-16.3243812372
-4.7752616962
-20.8881191443
3.1348612933
0.1685232093
-23.7054353466
-4.3653370770
-3.7557908872
19.1900082400
16.0612811670
5.2323984496
0.6384166997
-9.1854915006
1.6347849971
-7.4629963072
9.5203100681
-14.8439283425
4.5261696219
-9.5089877011
3.6552629169
-18.8661152989
-1.6827600939
13.3110751671
10.4909512620
9.1262855921
-14.2753379925
-6.6811731315
-9.3528855251
-9.5137791070
-3.9767448958
17.6606036561
10.7882930997
-20.0513626514
-6.1471602527
-0.1164891507
-10.1450239570
5.9043549914
-4.6038392285
-6.5920285653
7.6933194983
-3.4643086031
1.9388103885
-8.1496322520
15.0392162846
-4.1448713644
-1.2107608264
6.2440260017
-3.1134067812
6.5949888607
-16.4044007691
5.1224402601
2.2341074862
-3.0163274026
-8.9838557085
-20.5225989563
-4.8048646505
-10.6070436720
4.7770317698
6.5989257484
-5.5024872585
-14.1355021821
-4.8982207709
13.7825861385
2.3461104159
-0.4978789635
-4.4824060793
15.9173863948
-0.3370769372
12.7539902950
-17.9669484542
-8.0511795405
5.7122714927
11.5482955412
-8.3074129459
2.2105777154
3.0852076785
13.3339030121
3.5067293314
8.6375621816
19.0697653127
17.9614856410
-17.2417065951
2.8523209327
12.3928647724
-3.5310220649
-1.3197119054
-17.8759727775
4.3369243445
12.7257301553
-0.4888454847
1.2078615681
-2.7642445143
8.9536423840
4.9237342448
-0.9483932004
8.3371074557
3.1316568499
3.8303781244
-11.6145817438
4.0433668020
-5.7385479293
12.5657521285
-10.8189947202
11.5366069522
6.5241248817
0.4337595752
17.9870906706
-17.2393261513
-44.7059846797
13.6479079562
6.1396832178
-2.1983092747
-0.9489730521
-5.3773308511
-3.1481368451
4.6143681143
-10.8633686330
0.6700338755
1.1723685415
5.1504257332
-3.5819879757
26.0375072482
-12.1822260201
