5.3533738212
12.0743125706
9.8135624256
10.3882259590
12.7921384320
2.6797692801
-1.7295449690
-0.9215369121
2.8862269967
1.8424024171
5.6069826350
5.1023285623
-0.8062685018
-2.6464735862
-1.9396649068
4.9099093600
-2.1361735893
-0.7415997803
-0.9860530412
2.8037354656
6.6489761040
0.3259376812
2.0837427900
2.1597338786
-5.2663350322
-0.9434797205
0.5989257485
-0.4967192602
-3.9865718558
-0.6451612903
2.0802026429
1.5607776116
6.4372386853
-2.0080263680
4.3595080416
-0.5890377514
1.0514542070
-1.0210577715
-3.0497451704
-0.1353190710
-2.6399121067
-3.0166020692
2.3062227241
-5.8021179846
-1.3648487808
-1.0931424909
0.5837885678
-3.6436353648
-6.2116153447
1.7526779992
-0.4607989746
-0.2332224494
-4.5493331706
2.9077730644
7.1864680929
-8.1294289987
0.8598590045
0.9647816401
3.8283639027
0.5131076998
-1.7989135411
3.2042298654
0.1091647084
-0.6936857204
-0.9835810419
0.8704489273
-0.3118686483
2.0936613056
-0.6928922391
0.3591723380
1.1772820215
1.6431775872
1.9594714194
-2.5556505020
-0.0402844325
-0.3095187231
6.1133762627
2.6696676534
0.5160069582
11.4580217902
-1.8984954375
-4.9725333415
8.8856776635
-4.2229071932
7.5880001221
-3.9446089053
0.8803674429
-5.0624713889
0.5194555498
2.4672688986
-2.3102206488
1.3847468490
-5.4705648976
3.4515518662
5.4836878567
3.3981444746
-1.5920896023
0.7571337016
-2.3440351573
-2.1329386273
4.2680745872
-6.3040559099
0.3232825709
4.2978606525
6.0325327311
-2.8203070162
-4.2956938383
2.1663563952
0.8672139653
-4.0752891629
-2.9886471145
1.7534714805
-5.8178350169
5.9446394238
2.4706564531
-1.4221015046
-2.1697744682
0.4570146794
6.1024201178
-0.4430372021
-4.8761558885
3.3301187170
-5.1167027802
4.0180364391
-0.6995452742
-4.8090151677
-3.0807824946
-4.3113193152
-2.9459212012
1.3253578295
-2.7556688131
1.7871333964
5.7659230323
-2.5092928861
1.8850367748
-4.6630756554
0.0524918363
2.7685781426
-1.1967528306
0.8375499741
-3.7383648183
-2.4212164678
1.3478194525
0.4089480270
0.5358745079
-0.0116885891
-2.1614734336
3.5373393963
3.0736106449
1.4263435774
0.9100314341
5.5495773186
0.2093264565
-0.0544755394
-2.7655568102
3.9367656484
2.9408551286
3.1429486984
5.2573015534
-1.3437910092
-1.4776146733
4.8728293710
3.5598010193
1.5339823603
-0.2406384472
-1.1311380352
3.4853358562
1.8947721793
-4.3812677389
1.4145939512
3.6442152165
-4.4593340861
2.7857600635
3.1648609882
2.9283425398
5.2139347514
-1.2080751976
0.2692953276
-3.3409527879
5.6482436598
2.3383587146
-2.0986358226
1.4890591144
-4.6382335887
4.4375743889
2.3295693838
4.6936246834
-1.7093722343
-1.9978026673
-0.3479110080
-1.5370036927
-4.5975829340
2.5052034059
-1.6786400952
4.8333079012
-1.5862910855
-4.6684469131
1.5822626423
-5.1297341838
-0.2703024384
-3.5455488754
1.9470198675
5.7395855586
-0.2610553301
-2.9463789789
-5.1606494339
-5.7183141575
-1.4167302469
-0.2945951720
0.5232703635
-0.2749412519
-7.4711752678
3.7700735496
-4.5540330210
-0.8516800439
2.0653706473
4.5934018983
2.1239967040
3.3350321970
-2.1460921049
2.1613208411
-8.3123569445
-2.3726004822
4.6555681021
-1.1802117985
1.2201605274
1.4218268380
-3.6435438093
-0.3095492416
1.0057374798
-1.0873439741
-0.7742545854
1.4086733604
4.8204596088
-8.2732932524
-1.4819483016
4.8048341319
0.3851741081
1.0617084262
1.5576036866
-0.8431958983
3.1101718192
-1.0438550981
5.4232001709
1.6390270699
-2.7513962218
-1.6769920957
2.3563646352
4.5886715293
3.5957213050
-3.6414075137
2.0266426588
-0.7797784356
0.8453016755
0.9667043062
-1.2326120792
4.4090395825
-1.2583697012
5.8065431684
-3.0816064943
5.1690115055
-2.8592181158
-1.3905453658
8.3921323283
5.4549089022
5.1130100406
-4.6306955168
2.5899533067
-0.0971098972
-0.7909176916
-5.9546800134
-0.1983703116
1.1500900296
3.0155339213
5.3961912900
0.1981261635
-1.6588641011
-6.8773766289
-2.4278084658
0.5560777612
1.4594866787
-1.3640552995
3.0914029359
-1.1676686911
3.1054414502
0.3438215278
0.8209784234
-3.2840052492
-0.6607867672
2.6834925382
-0.4061708426
-1.7199316385
-1.7752616962
2.6133915220
4.0825220496
-2.1385845515
-1.3091525010
-2.4702597125
-1.4457533494
-0.7079073458
-0.6622211371
0.3434553056
7.1369975890
-2.3946348460
-0.1842097232
5.8496963408
0.2137821589
-5.6528519547
-0.6033509323
2.5071260720
-0.4189580981
3.6105838191
0.3674428541
-1.2386242256
-5.0180059206
-4.0789513840
-0.1313211463
-3.9716788232
-6.3436689352
-6.8961149937
-1.1965697195
1.4685506760
0.5154881436
3.2473220008
0.4411755730
-4.3254493851
-0.4209418012
5.8938871426
1.3413800470
1.3993957335
-1.7054658650
-1.4144108402
1.2237922300
1.4458143864
-1.6355784783
0.8843348491
0.4083986938
-1.1525009919
-0.2966399121
5.9896542253
2.4510330515
0.4642475661
-1.8416394543
0.0912198248
-1.4025696585
1.1135288553
3.6065248573
3.5670033876
-0.3132724998
2.3687856685
0.0641499069
-4.8417615284
2.1193578906
1.1449324015
5.4278695029
-2.7501449629
-4.4737083041
-5.7998290963
1.4711752678
7.3725394452
-0.2453077792
1.6759849849
-4.2721640675
-1.9413129063
2.7996765038
-3.2023682363
0.8809472945
5.1779229102
1.3079927976
0.8702658162
-3.7162999359
-1.1329081088
0.2749107334
-0.3163243507
-0.7608264412
3.1947080905
-4.4378490555
-3.5409710990
-0.3354899747
2.6693929868
1.8618121891
1.4592120121
2.7601855525
-2.2677083651
-1.2708517716
5.3852046266
2.3119602039
0.3446150090
5.3131504257
